STANDARD
[0.2113,2.88110333333],
[0.24,2.88144842105],
[0.26,2.88265111111],
[0.3,2.889124],
[0.33,2.87594666667],
[0.36,2.89071714286],
[0.4,2.89552882353],
[0.43,2.8727245],
[0.46,2.88718],
[0.5,2.89262388889],
[0.53,2.88492666667],
[0.56,2.89197466667],
[0.6,2.86762333333],
[0.7,2.884667],
[0.8,2.88930777778],
[0.88,2.88132428571],
[0.9,2.88257705882],
[0.91,2.89212],
[0.92,2.891661875],
[0.93,2.875238125],
[0.94,2.87489421053],
[1.0,2.88015333333],
[1.1,2.88331133333],
[1.2,2.87153666667],
[1.3,2.88433923077],
[1.4,2.88054047619],
[1.5,2.89375285714],
[1.6,2.87580619048],
[1.7,2.89200470588],
[1.8,2.88989428571],
[1.9,2.89077352941],
[2.0,2.85053866667],
[2.1,2.90026882353],
[2.2,2.88158],
[2.3,2.90101],
[2.4,2.89614111111],
[2.5,2.89616125],
[2.6,2.89874230769],
[2.7,2.899204],
[2.8,2.87918842105],
[2.9,2.88692230769],
[3.0,2.87824111111],
[3.02,2.90642],
[3.05,2.88804642857],
[3.08,2.90138380952],
[3.09,2.88866277778],
[3.1,2.86969666667],
[3.12,2.88441882353],
[3.15,2.87558],
[3.2,2.89083266667],
[3.3,2.903108125],
[3.4,2.8855525],
[3.7,2.907259375],
[4.0,2.86236647059],
[5.0,2.88904304348],
[6.0,2.88421277778],
[7.0,2.88074833333],
[8.0,2.87475789474],
[8.5,2.908904],
